 

 

 

УЧАСТКА

 

тех. зон“

 

 

| 4.

 

 

С промзона

 

37 3: 50
32 м / 92

44.5

 

 

 

 

 

 

 

 

 

 

 

 

 

 

 

5
Номер Координаты Расстояние Румб и Номер Координаты Расстояние Румб Номер Координаты Расстояние Румб
межевого межевого межевого
знака х У (Радиус) (ь) знака х у (Радиус) (ь) знака х у (Радиус) (6)
Участок А Территория 1 32 15331.257 6939.878 44.88 ЮЗ 89 20.5
33 15330.741 6894.997 1.80 СЗ 15 41.3
п 15693.881 6986.221. 306.94 ЮВ 3 1.7 10 15428.727 6856.947 122.19 №Ю3 89 13.8 5 15332.475 6894.510 8.07 сз 4 41.8
2 15387.371 7002.439 54.95 ЮВ 1 46.6 ла 15427.084 6734.768 5.25 ЮВ З3 5.3 34 15340.522 6893.849 198.54 С3 1 14.1
3 15332.450 7004.142 35.06 №3 89 33.8 2 15421.840 6735.051 62.22 0888.39.02 2939 15539.020 6889.570 05и..22 © 2 2.9
40 15332.183 6969.086 2.25 №3 79 4.8 13 15423.302 6672.851 25.86 СВ 2 39.2 35 15693.139 6884.059
39 15331.757 6966.878 0.19 ЮВ о 0.0 14 15449.138 6674.048 30.28 —С3 89 54.8 5 тер.3: 38477.4 кв.м.
42 15331.567 6966.878 0.49 ЮВ 0 0.0 15 15449.184 6643.771 49.31 СВ 156.9
38 15331.074 6966.878 22.57 —С3 89 24.4 16 15498.464 6645.447 200.01 3 7 0.9 Территория 4
41 15331.308 6944.305 2.36 —С3 89 25.1 17 15597.726 6633.233 3.25 ЮВ 80 29.0
37 15331.332 6941.944 2.07 №3 87 55.3 18 15597.188 6636.442 215.84 СВ 88 23.6 32 15331.257 6939.878 44.60 №3 87 54.7
32 15331.257 6939.878 44.60 №3 87 54.7 30 15603.238 6852.198 В 50.00 ть 2.59 4 15329.632 6895.309 1.15 (СЗ 15 42.8
4 15329.632 6895.309 1.15 ©8315 42.8 3616 15600.650 6852.360 62.67 ЮВ 2 2.4 33 15330.741 6894.997 44.88 — СВ 89 20.5
33 15330.741 6894.997 1.80 —С3 15 41.3 4802 15538.020 6854.590 109.32 ЮВ а 14а 32 15331.257 6939.878
5 15332.475 6894.510 8.07 С3 441.8 10 15428.727 6856.947 5 тер.4: 25.0 жв.м.
34 15340.522 6893.849 6.86 СЗ 441.8 5 тер.1: 36501.0 кв.м.
6 15347.362 6893.287 61.03 С3 134.2 Территория 5
7 15408.365 6891.615 18.53 №3 86 19.8 Территория 2
8 15407.179 6873.123 2.60 —С3 69 26.5 42 15331.567 6966.878 0.49 ЮВ 0 0.0
9 15408.093 6870.686 24.79 С3 33 39.4 34 15340.522 6893.849 6.86 С3 4 41.8 38 15331.074 6966.878 22.57 С3 89 24.4
10 15428.727 6856.947, 122.19 КЗ 89 13.8 6 15347.362 6893.287 6108' 1 ©31И34..2 41 15331.308 6944.305 22.57 СВ 89 20.6
11 15427.084 6734.768 5.25 ЮВ 3 5.3 7 15408.365 6891.615 18.53 ЮЗ 86 19.8 42 15331.567 6966.878
12 15421.840 6735.051 62.22 —С3 88 39.2 8 15407.179 6873.123 2.60 —С3 69 26.5 5 тер.5: 5.6 жв.м.
13 15423.302 6672.851 25.86 СВ 239.2 9 15408.093 6870.686 24.79 СЗ 33 39.4
14 15449.138 6674.048 30.28 —С3 89 54.8 10 15428.727 6856.947 ОЭ Саи пит
15 15449.184 6643.771 49.31 СВ 156. 4802 15538.020 6854.590 62.67 58 2 24 а ь
16 15498.464 6645.447 100.01 с3 7 р 3616 15600.650 6852.360 В 50.00 т 2.59 8 —— м. пам г. + би + С Г. 9458,2
17 15597.726 6633.233 3.25 ЮВ 80 29.0 30 15603.238 6852.198 2.97 СВ 88 24.0
18 15597.188 6636.442 215.84 СВ 88 23.6 19 15603.321 6855.169 3.59 СВ 23 0.2
зо 15603.238 6852.198 2.97 СВ 88 24.0 20 15606.628 6856.573 42.19 С3 1 52.5
19 15603.321 6855.169 3.59 СВ 23 0.2 21 15648.800 6855.192 38.61 СВ 0 0.4
20 15606.628 6856.573 42.19 С3 152.5 22 15687.410 6855.196 3.47 СВ 43 2.4
21 15648.800 6855.192 38.61 СВ 0 0.4 23 15689.948 6857.566 6.22 СВ 88 52.0
22 15687.410 6855.196 3.47 СВ 43 2.4 24 15690.071 6863.787 2.26 108 0 13.7
23 15689.948 6857.566 6.22 СВ 88 52.0 25 15692.332 6863.796 20.28 — СВ 87 43.2
24 15690.071 6863.787 2.26 СВ 013.7 35 15693.139 6884.059 154.22 ЮВ 2 2.9
25 15692.332 6863.796 20.28 СВ 87 43.2 2939 15539.020 6889.570 198.54 ЮВ 1 14.1
35 15693.139 6884.059 66.13 СВ 88 45.1 34 15340.522 6893.849
| 36 15694.580 6950.173 36.03 СВ 87 10.8 $ тер.2: 9408.3 кв.м.
26 15696.353 6986.162 2.47 ЮВ 122.0
| 1 15693.881 6986.221 Территория 3
$ Уч.А: —84417.3 кв.м.
35 15693.139 6884.059 66.13 СВ 88 45.1
Участок Б 36 15694.580 6950.173 36.03 СВ 87 10.8
26 15696.353 6986.162 2.47 ЮВ 1 22.0
51 15680.346 6911.129 5.28 —Ю3 88 32.1 1 15693.881 6986.221 306.94 ЮВ 3 1.7
52 15680.211 6905.850 8.98 С3 157.2 2 15387.371. 7002.439 54.95 ЮВ 1 46.6
53 15689.181 6905.544 5.307 ©8188 99.7 3 15332.450 7004.142 35.06 —Ю3 89 33.8
54 15689.351 6910.841 9.01 ЮВ 149.9 40 15332.183 6969.086 2.25 №3 79 4.8
51 15680.346 6911.129 39 15331.757 6966.878 0.19 ЮВ 0 0.0
моздоуьнны  Чьллелодеу:5 УЧ.Б: [47-6 кв.м. | 42 15331.567 6966.878 22.57 №3 89 20.6
| = 41 15331.308 6944.305 2.36 —С3 89 25.1
| $ уч. =! $ уч.А - буч.Б : [64369-7 кв.м: 37 15331.332 6941.944 2.07 №3 87 55.3
}

 

 

 

 

 

 

 

 

 

 

 

 
