==

 

 

 
 
 
 
  
 
 

 

 

 

 

ЛЛАН ГРАНИЦ ЗЕМЕЛЬНОГО УЧАСТКА
1:2000 5
23 25
22 24
21
о
т А
ъ
5
®
. н
т: $ -1802 { вр
уч.2 В
промзона Е
|
|
с
а
А
но В промзона
сх
х
В

 

  

—

 

 

 

 

 

 

Номер
межевого
знака

РА:
52
53
54
0

 

 

 

 

 

 

 

а

Координаты Расстояние Румб Номер Координаты Расстояние Румб
межевого -
х У (Радиус) (0) знака х У (Радиус) (1)
Участок А Территория 1
15693.881 6986.221 306.94 ЮВ 3 1.7 10 15428.727 6856.947 122.19 №Ю3 89 13.8
15387.371 7002.439 54.95 ЮВ 1 46.6 11 15427.084 6734.768 5.25 ЮВ 3 5.3
15332.450 7004.142 35.06 №3 89 33.8 12 15421.840 6735.051 62.22 С3 88 39.2
15332.183 6969.086 2.25 3 79 4.8 13 15423.302 6672.851 25.86 СВ 239.2
15331.757 6966.878 0.19 ЮВ 0 0.0 14 15449.138 6674.048 30.28 С3 89 54.8
15331.567 6966.878 0.49 ЮВ 0 0.0 15 15449.184 6643.771. 49.31 СВ 156.9
15331.074 6966.878 22.57 С3 89 24.4 16 15498.464 6645.447 100.01 сз 7 0-9
15331.308 6944.305 2.36 С3 89 25.1 17 15597.726 6633.233 3.25 ЮВ 80 29.0
15331.332 6941.944 2.07 №3 87 55.3 18 15597.188 6636.442 215.84 СВ 88 23.6
15331.257 6939.878 44.60 №3 87 54.7 30 15603.238 6852.198 В 50.00 т 2.59
15329.632 6895.309 1.15 —С3 15 42.8 3616 15600.650 6852.360 62.671 08..2 2.4
15330.741 6894.997 1.80  С3 15 41.3 4802 15538.020 6854.590 109.32 ЮВ 1 14.1
15332.475 6894.510 8.07 С3 441.8 10 15428.727 6856.947
15340.522 6893.849 6.86 С3 4 41.8 $ тер.1: 36501.0 кв.м.
15347.362 6893.287 61.03 58 134.2
15408.365 6891 .615 18.53 №3 86 19.8 Территория 2
15407.179 6873.123 2.60 —С3 69 26.5
15408.093 6870.686 24.79 С3 33 39.4 34 15340.522 6893.849 6.86 сз 4 41.8
15428.727 6856.947»/ 122.19 №3 89 13.8 6 15347.362 6893.287 61.03 сз 1 34.2
15427.084 6734.768 5.25 ЮВ 3 5.3 7 15408.365 6891.615 18.53 №03 86 19.8
15421.840 6735.051. 62.22 03 88 39.2 8 15407.179 6873.123 2.60 С3 69 26.5
15423.302 6672.851. 25.86 (В 239.2 9 15408.093 6870.686 24.79 С3 33 39.4
15449.138 6674.048 30.28 —С3 89 54.8 10 15428.727 6856.947 109.32 С3 1 14.1
15449.184 6643.771 49.31 СВ 156.9 4802 15538.020 6854.590 626 СВ 22а
15498.464 6645.447 100.01 с3 7 0.9 3616 15600.650 6852.360 В 50.00 ь 2.59
15597.726 6633.233 3.25 ЮВ 80 29.0 30 15603.238 6852.198 2.97 СВ 88 24.0
15597.188 6636.442 215.84 СВ 88 23.6 08 15603.321 6855.169 3.59 СВ 23 0.2
15603.238 6852.198 2.97 СВ 88 24.0 20 15606.628 6856.573 1219 08111 52.5
15603.321 6855.169 3.59 СВ23 0.2 21 15648.800 6855.192 38.61 СВ 0 0.4
15606.628 6856.573 42.19 63 152.5 22 15687.410 6855.196 3.47 СВ 43 2.4
15648.800 6855.192 38.61 СВ 0 0.4 23 15689.948 6857.566 6.22 СВ 88 52.0
15687.410 6855.196 47 в 43 2.4 24 15690.071 6863.787 2126 ов 0 13.7
15689.948 6857.566 6.22 СВ 88 52.0 25 15692.332 6863.796 20.28 СВ 87 43.2
15690.071. 6863.787 2.26 ‘БВ 013.7 35 15693.139 6884.059 154.22 ЮВ 2 2.9
15692.332 6863.796 20.28 СВ 87 43.2 2939 15539.020 6889.570 198.54 ЮВ 1 14.1
15693.139 6884.059 66.13 СВ 88 45.1 34 15340.522 6893.849
15694.580 6950.173 36.03 СВ 87 10.8 $ тер.2:  09408%37 кв.м.
15696.353 6986.162 2.47 ЮВ 122.0
15693.881 6986.221 Территория 3
5 уч.А: 84417.3 кв.м.
35 15693.139 6884.059 66.13 СВ 88 45.1
Участок Б 36 15694.580 6950.173 36.03 СВ 87 10.8
26 15696.353 6986.162 2.47 ЮВ 122.0
15680.346 6911.129 5.28 №3 88 32.1 о 15693.881 6986.221 306.94 ЮВ 3 1.7
15680.211. 6905.850 8.98 69 1 57.2 2 15387.371 7002.439 54.95 ЮВ 1 46.6
15689.181. 6905.544 5.30 [6888 9.7 3 15332.450 7004.142 35.06 №3 89 33.8
15689.351. 6910.841 9.01 ЮВ 1 49.9 40 15332.183 6969.086 2.25 №03 79 4.8
15680.346 6911.129 39 15331.757 6966.878 0.19 ЮВ 0 0.0
кослораленый- Чызлетомиеут в УЧ.Б: 42 15331.567 6966.878 22.57 №3 89 20.6
41 15331.308 6944.305 2.36 С3 89 25.1
тучи $ уч.-А - 5 уч.Б : 37 15331.332 6941.944 2.07 №3 87 55.3

 

 

 

 

 

 

 

А
Номер
межевого
знака
32 158
33 153
Э 153
34 153
2939 ИБ
35 156
За 15:
4 15
33 15
32 5
42 ПЕ
38 п
41 п
42 т

 

 

 

 

 
